BV
---------------------
16483
22 9 2 2 10 10 6 23 22 21 22 16 16 16 
8 9 14 17 7 2 11 11 18 11 11 2 17 17 
1 11 18 11 18 13 15 15 18 11 8 9 8 9 
12 12 12 12 16 18 1 24 20 3 12 24 18 16 
24 14 7 14 15 15 5 1 10 4 14 25 15 6 
10 5 2 2 19 2 19 7 17 23 2 23 6 6 

27863
33 34 19 38 15 15 15 15 15 2 15 36 22 36 
24 35 13 28 28 10 10 17 16 11 28 28 9 9 
12 26 22 3 18 18 38 38 17 20 21 19 20 22 
1 36 36 19 19 19 36 1 36 36 36 36 36 36 
5 5 9 27 22 20 26 22 27 5 37 18 35 37 
23 32 24 31 31 14 5 9 13 10 7 16 24 7 
29 29 26 20 22 22 20 22 6 24 16 16 24 16 
29 28 30 25 9 21 18 30 4 30 28 28 25 3 
6 9 7 8 8 18 8 2 1 13 35 26 1 10 

39490
19 47 11 50 11 28 4 12 18 36 22 12 11 34 
21 36 24 13 11 10 26 45 5 35 5 5 5 37 
29 41 38 34 11 50 46 39 39 47 46 2 2 18 
44 44 2 36 5 43 28 28 9 28 8 15 15 7 
23 11 47 41 33 25 33 6 21 40 40 23 13 13 
23 13 23 13 24 48 26 46 3 5 6 8 12 12 
20 20 38 41 41 14 39 20 39 47 46 39 20 50 
31 37 8 32 18 12 11 47 35 49 35 49 18 18 
44 21 40 21 36 15 22 22 37 37 3 3 19 12 
23 37 27 17 13 13 13 42 9 24 44 2 46 48 
1 20 38 20 50 50 38 3 36 46 18 23 8 8 
17 25 11 11 27 47 33 25 5 16 12 3 6 9 

---------------------
BA - n*5000
---------------------
28476	65448
53101	104051
77511	110004
---------------------
27298	70915
55415	96158
77647	24664
---------------------
28730	46074
54524	79272
76431	8518
---------------------
28232	48480
53435	172514
73012	157174
---------------------
27044	123119
53419	184945
76267	131565
---------------------
---------------------
BL - n*5000
---------------------
6815	27727
14523	82335
16349	227521
---------------------
6105	115063
14246	172129
17720	249841
---------------------
6997	124246
14549	185440
16668	166585
---------------------
7533	100229
13235	135978
17240	239449
---------------------
7335	120170
12798	122019
16317	195132
---------------------
---------------------
ES - n*5000
---------------------
5004	123605
12355	187923
14489	247393
---------------------
6048	123639
11495	187997
14400	247383
---------------------
5546	123647
11599	187957
14779	247381
---------------------
6378	123637
11974	187957
15277	247357
---------------------
5394	123649
11263	187993
14075	247355
---------------------
---------------------
BT - n*5000
---------------------
7401	120263
13353	84486
17900	203034
---------------------
6008	112509
13750	95758
15960	211908
---------------------
6135	100008
13404	171009
16074	240024
---------------------
6689	100008
12406	171009
16606	118862
---------------------
6165	113886
13442	168692
17718	123296
---------------------
---------------------
GRASP-BL - n*5000
---------------------
5719	60540
11383	52989
15503	223996
---------------------
5948	85837
13098	188486
16806	49331
---------------------
5350	99765
12408	113090
15385	249753
---------------------
5484	48268
12520	18408
15858	49136
---------------------
5616	71907
12720	73221
16522	174834
---------------------
---------------------
GRASP-ES - n*5000
---------------------
5088	112477
11115	94829
14398	24997
---------------------
5260	99951
12114	132967
14232	99931
---------------------
5023	74989
11427	170945
14350	249983
---------------------
5333	99943
11419	94991
14018	24933
---------------------
4490	37493
10830	18971
14237	99979
---------------------
---------------------
GRASP-BT - n*5000
---------------------
6463	50509
17434	173544
22473	130082
---------------------
8243	14877
17335	49059
22842	174609
---------------------
6880	62700
18259	2089
23311	225242
---------------------
6504	89115
19339	133668
23853	80417
---------------------
5767	50367
17536	19289
21941	208382
---------------------
---------------------
ILS-BL - n*5000
---------------------
6715	107674
15123	186733
21890	243007
---------------------
6931	123420
14689	188143
17536	245609
---------------------
6155	93557
15762	162130
20766	245933
---------------------
8061	69901
13660	186249
20652	244533
---------------------
8861	73277
16164	188943
20006	246535
---------------------
---------------------
ILS-ES - n*5000
---------------------
5009	37469
11060	132931
14264	249961
---------------------
5670	124981
11211	94983
13138	249965
---------------------
5458	112487
11120	132917
15700	249893
---------------------
4665	99969
11066	189989
14996	174925
---------------------
5653	112463
11114	170985
15111	199983
---------------------
---------------------
ILS-BT - n*5000
---------------------
20989	113942
45152	171503
66097	225804
---------------------
24229	103358
47024	173934
62367	230015
---------------------
21453	121741
46113	171887
72933	203624
---------------------
25053	116530
44856	175153
69567	225049
---------------------
20666	117857
44831	171537
68139	227766
---------------------
---------------------